; Mappa di MegaGame. UNA CASELLA = UNA TILE.
; Il numero e' lo slot nel foglio grafica/Tiles.raw; la tavola con
; numero e disegno di ogni tile e' risorse/grafica/mappa-tavola.png.
; Si puo' scrivere anche il NOME di una EQU TILE_* (LUCE = 50).
; Dopo ogni modifica:  py tools\mappa.py
; 25 colonne x 22 righe = 400 x 352 px = 1.4 x 2.8 stanze da 18x8
;        0    .    .    .    .    5    .    .    .    .   10    .    .    .    .   15    .    .    .    .   20    .    .    .    .   25    .    .    .    .   30    .    .    .    .   35    .    .    .    .   40    .    .    .    .   45    .    .    .    .   50    .    .    .    .   55    .    .    .    .   60    .    .    .    .   65    .    .    .    .   70    .    .
   0:    0    0    0    0    0    0    0    0    0    0    0    0    0    0    0    0    0    0    0    0    0    0    0    0    0    0    0    0    0    0    0    0    0    0    0    0    0    0    0    0    0    0    0    0    0    0    0    0    0    0    0    0    0    0    0    0    0    0    0    0    0    0    0    0    0    0    0    0    0    0    0    0    0
   1:    0    0    0    0    0    0    0    0    0    0    0    0    0    0    0    0    0    0    0    0    0    0    0    0    0    0    0    0    0    0    0    0    0    0    0    0    0    0    0    0    0    0    0    0    0    0    0    0    0    0    0    0    0    0    0    0    0    0    0    0    0    0    0    0    0    0    0    0    0    0    0    0    0
   2:    0    0    0    0    0    0    0    0    0    0    0    0    0    0    0    0    0    0    0    0    0    0    0    0    0    0    0    0    0    0    0    0    0    0    0    0    0    0    0    0    0    0    0    0    0    0    0    0    0    0    0    0    0    0    0    0    0    0    0    0    0    0    0    0    0    0    0    0    0    0    0    0    0
   3:    0    0    0    0    0    0    0    0    0    0    0    0    0    0    0    0    0    0    0    0    0    0    0    0    0    0    0    0    0    0    0    0    0    0    0    0    0    0    0    0    0    0    0    0    0    0    0    0    0    0    0    0    0    0    0    0    0    0    0    0    0    0    0    0    0    0    0    0    0    0    0    0    0
   4:    0    0    0    0    0    0    0    0    0    0    0    0    0    0    0    0    0    0    0    0    0    0    0    0    0    0    0    0    0    0    0    0    0    0    0    0    0    0    0    0    0    0    0    0    0    0    0    0    0    0    0    0    0    0    0    0    0    0    0    0    0    0    0    0    0    0    0    0    0    0    0    0    0
   5:    0    0    0    0    0    0    0    0    0    0    0    0    0    0    0    0    0    0    0    0    0    0    0    0    0    0    0    0    0    0    0    0    0    0    0    0    0    0    0    0    0    0    0    0    0    0    0    0    0    0    0    0    0    0    0    0    0    0    0    0    0    0    0    0    0    0    0    0    0    0    0    0    0
   6:    0    0    0    0    0    0    0    0    0    0    0    0    0    0    0    0    0    0    0    0    0    0    0    0    0    0    0    0    0    0    0    0    0    0    0    0    0    0    0    0    0    0    0    0    0    0    0    0    0    0    0    0    0    0    0    0    0    0    0    0    0    0    0    0    0    0    0    0    0    0    0    0    0
   7:    0    0    0    0    0    0    0    0    0    0    0    0    0    0    0    0    0    0    0    0    0    0    0    0    0    0    0    0    0    0    0    0    0    0    0    0    0    0    0    0    0    0    0    0    0    0    0    0    0    0    0    0    0    0    0    0    0    0    0    0    0    0    0    0    0    0    0    0    0    0    0    0    0
   8:    0    0    0    0    0    0    0    0    0    0    0    0    0    0    0    0    0    0    0    0    0    0    0    0    0    0    0    0    0    0    0    0    0    0    0    0    0    0    0    0    0    0    0    0    0    0    0    0    0    0    0    0    0    0    0    0    0    0    0    0    0    0    0    0    0    0    0    0    0    0    0    0    0
   9:    0    0    0    0    0    0    0    0    0    0    0    0    0    0    0    0    0    0    0    0    0    0    0    0    0    0    0    0    0    0    0    0    0    0    0    0    0    0    0    0    0    0    0    0    0    0    0    0    0    0    0    0    0    0    0    0    0    0    0    0    0    0    0    0    0    0    0    0    0    0    0    0    0
  10:    0    0    0    0    0    0    0    0    0    0    0    0    0    0    0    0    0    0    0    0    0    0    0    0    0    0    0    0    0    0    0    0    0    0    0    0    0    0    0    0    0    0    0    0    0    0    0    0    0    0    0    0    0    0    0    0    0    0    0    0    0    0    0    0    0    0    0    0    0    0    0    0    0
  11:   93   93    0    0    0    0    0    0    0    0    0    0    0    0    0    0    0    0    0   55   56    0    0    0    0    0    0    0    0    0    0   12   13   14   15   16   12   13   14   15   16   12   13   14   15   16   12   13   14   15   16   12   13   14   15   16   12   13   14   15   16   12   13   14   15   16   12   13   14   15   16   12   13 
  12:   36   32    0    0    0    0    0    0    0    0    0    0    0    0   12   13   14   15    0   57   58    0    0    0    0    0    0    0    0    0    0   32   33   34   35   36   32   33   34   35   36   32   78   79   80   36   32   33   34   35   36   32   33   34   35   36   32   33   34   35   36   32   33   34   35   36   32   33   34   35   36   32   33 
  13:    0    0    0    0    0    0    0    0    0    0    0    0    0    0   32   33   52   35   59   60   61    0    0    0    0    0    0    0    0    0    0    0   55   56    0    0    0    0    0    0    0    0   81   82   83    0    0    0    0    0    0    0    0    0    0    0    0    0    0    0    0    0    0    0    0    0    0    0    0    0    0    0    0
  14:    0    0    0    0    0    0    0    0    0    0    0    0    0    0    0    0   53    0   62   63    0    0    0    0    0    0    0    0    0    0    0    0   57   58    0    0    0    0    0    0    0    0   84   85   86    0    0    0    0    0    0    0    0    0    0    0    0    0    0    0    0    0    0    0    0    0    0    0    0    0    0    0    0
  15:    0    0    0    0    0   12   13   14   15    0    0    0    0    0    0    0    0   54   64   65    0    0    0    0    0    0    0    0    0    0    0   59   60   61    0    0    0    0    0    0    0    0   87   88   89    0    0    0    0    0    0    0    0    0    0    0    0    0    0    0    0    0    0    0    0    0    0    0    0    0    0    0    0
  16:   15   16    0    0    0   32   33   34   35    0    0    0    0    0    0    0    0    0   66   67    0    0    0   12   13   14   15   16   12   13   14   62   63    0    0    0    0    0   15   16   12   13   90   91   92    0    0    0    0    0    0    0    0    0    0    0    0    0    0    0    0    0    0    0    0    0    0    0    0    0    0    0    0
  17:   35   36    0    0    0    0    0    0    0    0    0    0   14   15   16   12   13   14   68   69    0    0    0   32   33   34   35   36   32   33   34   64   65    0    0    0    0    0   35   36   32   33   34   35   36    0    0    0    0    0    0    0    0    0    0    0    0    0    0    0    0    0    0    0    0    0    0    0    0    0    0    0    0
  18:    0    0    0    0    0    0    0    0    0    0    0    0   34   35   36   32   49   34   17   18    0    0    0    0    0    0    0    0    0   50    0   66   67    0    0    0    0    0    0    0    0    0   78   79   80    0    0    0    0    0    0    0    0    0    0    0    0    0    0    0    0    0    0    0    0    0    0    0    0    0    0    0    0
  19:    0    0    0    0    0    0    0    0    0    0    0    0    0    0    0    0   48    0   19   20    0    0    0    0    0    0    0    0    0   51    0   68   69    0    0    0    0    0    0    0    0    0   81   82   83    0    0    0    0    0    0    0    0    0    0    0    0    0    0    0    0    0    0    0    0    0    0    0    0    0    0    0    0
  20:    0    0    0    0    0    0    0    0    0    0    0    0    0    0    0    0    0   47   21   22    0    0    0    0    0    0    0    0    0   52    0   72   73    0    0    0    0    0    0    0    0    0   84   85   86    0    0    0    0    0    0    0    0    0    0    0    0    0    0    0    0    0    0    0    0    0    0    0    0    0    0    0    0
  21:    0    0    0    0    0    0    0    0    0    0    0    0    0    0    0    0    0   46   23   24    0    0    0    0    0    0    0    0    0   53   54   74   75    0    0    0    0    0    0    0    0    0   87   88   89    0    0    0    0    0    0    0    0    0    0    0    0    0    0    0    0    0    0    0    0    0    0    0    0    0    0    0    0
  22:   12   13   14   15   16   12   13   14   15   16   12   13   14   15   16   12   13   14   25   26   27   13   14   15   16   12   13   14   15   16   12   76   77   15   16   12   13   14   15   16   12   13   90   91   92    0    0    0    0    0    0    0    0    0    0    0    0    0    0    0    0    0    0    0    0    0    0    0    0    0    0    0    0
  23:   32   33   34   35   36   32   33   34   35   36   32   33   34   35   36   32   33   34   35   36   32   33   34   35   36   32   33   34   35   36   32   33   34   35   36   32   33   34   35   36   32   33   34   35   36    0    0    0    0    0    0    0    0    0    0    0    0    0    0    0    0    0    0    0    0    0    0    0    0    0    0    0    0
  
