; Mappa di MegaGame. UNA CASELLA = UNA TILE.
; Il numero e' lo slot nel foglio grafica/Tiles.raw; la tavola con
; numero e disegno di ogni tile e' risorse/grafica/mappa-tavola.png.
; Si puo' scrivere anche il NOME di una EQU TILE_* (LUCE = 50).
; Dopo ogni modifica:  py tools\mappa.py
; 25 colonne x 22 righe = 400 x 352 px = 1.4 x 2.8 stanze da 18x8
;        0    .    .    .    .    5    .    .    .    .   10    .    .    .    .   15    .    .    .    .   20    .    .    .    .   25    .    .    .    .   30    .    .    .    .   35    .    .    .    .   40    .    .    .    .   45    .    .    .    .   50    .    .    .    .   55    .    .    .    .   60    .    .    .    .   65    .    .    .    .   70    .    .
   0:    0    0    0    0    0    0    0    0    0    0    0    0    0    0    0    0    0    0    0    0    0    0    0    0    0    0    0    0    0    0    0    0    0    0    0    0    0    0    0    0    0    0    0    0    0    0    0    0    0    0    0    0    0    0    0    0    0    0    0    0    0    0    0    0    0    0    0    0    0    0    0    0    0
   1:    0    0    0    0    0    0    0    0    0    0    0    0    0    0    0    0    0    0    0    0    0    0    0    0    0    0    0    0    0    0    0    0    0    0    0    0    0    0    0    0    0    0    0    0    0    0    0    0    0    0    0    0    0    0    0    0    0    0    0    0    0    0    0    0    0    0    0    0    0    0    0    0    0
   2:    0    0    0    0    0    0    0    0    0    0    0    0    0    0    0    0    0    0    0    0    0    0    0    0    0    0    0    0    0    0    0    0    0    0    0    0    0    0    0    0    0    0    0    0    0    0    0    0    0    0    0    0    0    0    0    0    0    0    0    0    0    0    0    0    0    0    0    0    0    0    0    0    0
   3:    0    0    0    0    0    0    0    0    0    0    0    0    0    0    0    0    0    0    0    0    0    0    0    0    0    0    0    0    0    0    0    0    0    0    0    0    0    0    0    0    0    0    0    0    0    0    0    0    0    0    0    0    0    0    0    0    0    0    0    0    0    0    0    0    0    0    0    0    0    0    0    0    0
   4:    0    0    0    0    0    0    0    0    0    0    0    0    0    0    0    0    0    0    0    0    0    0    0    0    0    0    0    0    0    0    0    0    0    0    0    0    0    0    0    0    0    0    0    0    0    0    0    0    0    0    0    0    0    0    0    0    0    0    0    0    0    0    0    0    0    0    0    0    0    0    0    0    0
   5:    0    0    0    0    0    0    0    0    0    0    0    0    0    0    0    0    0    0    0    0    0    0    0    0    0    0    0    0    0    0    0    0    0    0    0    0    0    0    0    0    0    0    0    0    0    0    0    0    0    0    0    0    0    0    0    0    0    0    0    0    0    0    0    0    0    0    0    0    0    0    0    0    0
   6:    0    0    0    0    0    0    0    0    0    0    0    0    0    0    0    0    0    0    0    0    0    0    0    0    0    0    0    0    0    0    0    0    0    0    0    0    0    0    0    0    0    0    0    0    0    0    0    0    0    0    0    0    0    0    0    0    0    0    0    0    0    0    0    0    0    0    0    0    0    0    0    0    0
   7:    0    0    0    0    0    0    0    0    0    0    0    0    0    0    0    0    0    0    0    0    0    0    0    0    0    0    0    0    0    0    0    0    0    0    0    0    0    0    0    0    0    0    0    0    0    0    0    0    0    0    0    0    0    0    0    0    0    0    0    0    0    0    0    0    0    0    0    0    0    0    0    0    0
   8:    0    0    0    0    0    0    0    0    0    0    0    0    0    0    0    0    0    0    0    0    0    0    0    0    0    0    0    0    0    0    0    0    0    0    0    0    0    0    0    0    0    0    0    0    0    0    0    0    0    0    0    0    0    0    0    0    0    0    0    0    0    0    0    0    0    0    0    0    0    0    0    0    0
   9:    0    0    0    0    0    0    0    0    0    0    0    0    0    0    0    0    0    0    0    0    0    0    0    0    0    0    0    0    0    0    0    0    0    0    0    0    0    0    0    0    0    0    0    0    0    0    0    0    0    0    0    0    0    0    0    0    0    0    0    0    0    0    0    0    0    0    0    0    0    0    0    0    0
  10:    0    0    0    0    0    0    0    0    0    0    0    0    0    0    0    0    0    0    0    0    0    0    0    0    0    0    0    0    0    0    0    0    0    0    0    0    0    0    0    0    0    0    0    0    0    0    0    0    0    0    0    0    0    0    0    0    0    0    0    0    0    0    0    0    0    0    0    0    0    0    0    0    0
  11:   12   13   14   15   16   12   13   14   15   16   12   13   14   15   16   12   13   14   15   16   12   13   14   15   16   12   13   14   15   16   12   13   14   15   16   12   13   14    15   16   0    0    0    0    0    0   93   93   93   93   93   93   93   93   93   93   93   93   93   93   93   93   93   93   93    0    0    0    0    0    0    0    0
  12:   32   33   34   35   36   32   33   34   35   36   32   33   34   35   36   32   33   34   35   36   32   33   34   35   36   32   33   34   35   36   32   33   34   35   36   32   33   34    35   36   0    0    0    0    0    0   33   34   35   36   32   33   34   35   36   32   33   95   96   95   96   95   96   95   96    0    0    0    0    0    0    0    0
  13:    0    0    0    0    0    0    0    0    0    0    0    0    0    0    0    0    0    0    0    0    0    0    0    0    0    0    0    0    0    0    0    0    0    0    0    0    0    0    0    0    0    0    0    0    0    0   55   56    0    0    0    0    0    0    0    0    0   97   98  117  118    0  119   95   96    0    0    0    0    0    0    0    0
  14:    0    0    0    0    0    0    0    0    0    0    0    0    0    0    0    0    0    0    0    0    0    0    0    0    0    0    0    0    0    0    0    0    0    0    0    0    0    0    0    0    0   12   13   14    0    0   57   58    0    0    0    0    0    0    0    0    0   99  100    0    0    0    0   95   96   95   96   95   96   95  118    0    0 
  15:    0    0    0    0    0    0    0    0    0    0    0    0    0    0    0    0    0    0    0    0    0    0    0    0    0    0    0    0    0    0    0    0    0    0    0    0    0    0    0    0    0   32   33   34    0    0   59   60    0    0    0    0    0    0    0    0    0  101  102    0    0    0    0   95   96  118    0    0    0    0    0    0    0
  16:    0    0    0    0    0    0    0    0    0    0    0    0    0    0    0    0    0    0    0    0    0    0    0    0    0    0    0   12   13   14   15    0    0    0    0    0    0    0    0    0    0    0    0   12   13   14   62   63    0    0    0    0    0    0    0    0    0  103  104    0    0    0    0    0    0    0    0    0    0    0    0    0    0
  17:   13   14   15   16   12   13   14   15   16    0    0    0    0    0    0    0    0    0    0    0    0    0    0    0    0    0    0   32   33   34   35    0    0    0    0    0    0    0    0    0    0    0    0   32   33   34   64   65    0    0    0    0    0    0    0    0    0  105  106    0    0    0    0    0    0    0    0    0    0    0    0    0    0
  18:   33   34   35   36   32   33   34   35   36    0    0    0    0    0    0    0    0   12   13   14   15   16    0    0    0    0    0    0    0   49    0   17   18    0   12   13   14   15   16    0    0    0    0    0   51    0   66   67    0    0    0    0    0    0    0    0    0  107  108    0    0    0    0    0    0    0    0    0    0    0    0    0    0
  19:    0    0    0    0    0    0    0    0    0    0    0    0   12   13   14    0    0   32   33   34   35   36    0   12   13    0    0    0    0   48    0   19   20    0   32   33   34   35   36    0    0    0    0    0   52    0   68   69    0    0    0    0    0    0    0    0    0  109  110    0    0    0    0    0    0    0    0    0    0    0    0    0    0
  20:    0    0    0    0    0    0    0    0    0    0    0    0   32   33   34    0    0    0    0    0    0    0    0   32   33    0    0    0    0    0   47   21   22   44   45    0    0    0    0    0    0    0    0    0   53   54   72   73    0    0    0    0    0    0    0    0    0  111  112    0    0    0    0    0    0    0    0    0    0    0  111  112    0
  21:    0    0    0    0    0    0    0    0    0    0    0    0    0    0    0    0    0    0    0    0    0    0    0    0    0    0    0    0    0    0   46   23   24    0    0    0    0    0    0    0    0    0    0    0    0    0   74   75    0    0    0    0    0    0    0    0    0  113  114    0    0    0    0    0    0    0    0    0    0    0  113  114    0
  22:   15   16   12   13   14   15   16   12   13   14   15   16   12   13   14   15   16   12   13   14   15   16   12   13   14   15   16   12   13   14   15   25   26   27   14   15   16   12   13   14   15   16   12   13   76   77   16   12   13   14   15   16   12   13   14   15   16  115  116   93   93   93   93   93   93   93   93   93   93   93  115  116   93
  23:   35   36   32   33   34   35   36   32   33   34   35   36   32   33   34   35   36   32   33   34   35   35   32   33   34   35   36   32   33   34   35   36   32   33   34   35   36   32   33   34   35   36   32   33   34   35   36   32   33   34   35   36   32   33   34   35   36   94   94   94   94   94   94   94   94   94   94   94   94   94   94   94   94 
  
