; Mappa di MegaGame. UNA CASELLA = UNA TILE.
; Il numero e' lo slot nel foglio grafica/Tiles.raw; la tavola con
; numero e disegno di ogni tile e' risorse/grafica/mappa-tavola.png.
; Si puo' scrivere anche il NOME di una EQU TILE_* (LUCE = 50).
; Dopo ogni modifica:  py tools\mappa.py
; 25 colonne x 22 righe = 400 x 352 px = 1.4 x 2.8 stanze da 18x8
;        0    .    .    .    .    5    .    .    .    .   10    .    .    .    .   15    .    .    .    .   20    .    .    .    .   25    .    .    .    .   30    .    .    .    .   35    .    .    .    .   40    .    .    .    .   45    .    .    .    .   50    .    .    .    .   55    .    .    .    .   60    .    .    .    .   65    .    .    .    .   70    .    .
   0:    0    0    0    0    0    0    0    0    0    0    0    0    0    0    0    0    0    0    0    0    0    0    0    0    0    0    0    0    0    0    0    0    0    0    0    0    0    0    0    0    0    0    0    0    0    0    0    0    0    0    0    0    0    0    0    0    0    0    0    0    0    0    0    0    0    0    0    0    0    0    0    0    0
   1:    0    0    0    0    0    0    0    0    0    0    0    0    0    0    0    0    0    0    0    0    0    0    0    0    0    0    0    0    0    0    0    0    0    0    0    0    0    0    0    0    0    0    0    0    0    0    0    0    0    0    0    0    0    0    0    0    0    0    0    0    0    0    0    0    0    0    0    0    0    0    0    0    0
   2:    0    0    0    0    0    0    0    0    0    0    0    0    0    0    0    0    0    0    0    0    0    0    0    0    0    0    0    0    0    0    0    0    0    0    0    0    0    0    0    0    0    0    0    0    0    0    0    0    0    0    0    0    0    0    0    0    0    0    0    0    0    0    0    0    0    0    0    0    0    0    0    0    0
   3:    0    0    0    0    0    0    0    0    0    0    0    0    0    0    0    0    0    0    0    0    0    0    0    0    0    0    0    0    0    0    0    0    0    0    0    0    0    0    0    0    0    0    0    0    0    0    0    0    0    0    0    0    0    0    0    0    0    0    0    0    0    0    0    0    0    0    0    0    0    0    0    0    0
   4:    0    0    0    0    0    0    0    0    0    0    0    0    0    0    0    0    0    0    0    0    0    0    0    0    0    0    0    0    0    0    0    0    0    0    0    0    0    0    0    0    0    0    0    0    0    0    0    0    0    0    0    0    0    0    0    0    0    0    0    0    0    0    0    0    0    0    0    0    0    0    0    0    0
   5:    0    0    0    0    0    0    0    0    0    0    0    0    0    0    0    0    0    0    0    0    0    0    0    0    0    0    0    0    0    0    0    0    0    0    0    0    0    0    0    0    0    0    0    0    0    0    0    0    0    0    0    0    0    0    0    0    0    0    0    0    0    0    0    0    0    0    0    0    0    0    0    0    0
   6:    0    0    0    0    0    0    0    0    0    0    0    0    0    0    0    0    0    0    0    0    0    0    0    0    0    0    0    0    0    0    0    0    0    0    0    0    0    0    0    0    0    0    0    0    0    0    0    0    0    0    0    0    0    0    0    0    0    0    0    0    0    0    0    0    0    0    0    0    0    0    0    0    0
   7:    0    0    0    0    0    0    0    0    0    0    0    0    0    0    0    0    0    0    0    0    0    0    0    0    0    0    0    0    0    0    0    0    0    0    0    0    0    0    0    0    0    0    0    0    0    0    0    0    0    0    0    0    0    0    0    0    0    0    0    0    0    0    0    0    0    0    0    0    0    0    0    0    0
   8:    0    0    0    0    0    0    0    0    0    0    0    0    0    0    0    0    0    0    0    0    0    0    0    0    0    0    0    0    0    0    0    0    0    0    0    0    0    0    0    0    0    0    0    0    0    0    0    0    0    0    0    0    0    0    0    0    0    0    0    0    0    0    0    0    0    0    0    0    0    0    0    0    0
   9:    0    0    0    0    0    0    0    0    0    0    0    0    0    0    0    0    0    0    0    0    0    0    0    0    0    0    0    0    0    0    0    0    0    0    0    0    0    0    0    0    0    0    0    0    0    0    0    0    0    0    0    0    0    0    0    0    0    0    0    0    0    0    0    0    0    0    0    0    0    0    0    0    0
  10:    0    0    0    0    0    0    0    0    0    0    0    0    0    0    0    0    0    0    0    0    0    0    0    0    0    0    0    0    0    0    0    0    0    0    0    0    0    0    0    0    0    0    0    0    0    0    0    0    0    0    0    0    0    0    0    0    0    0    0    0    0    0    0    0    0    0    0    0    0    0    0    0    0
  11:    0    0    0    0    0    0   93   93   93   93   93   93   93   93   93   93   93   93   93   93   93   93   93   93   93   93   93   93   93   93   93   93   93   93   93   93   93   93   93   93   93   93   93   93   93   93   93   93   93   93   93   93   93   93   93   93   93   93   93   93   93   93   93   93   93   93   93   93   93   93   93   93   93
  12:    0    0    0    0    0    0   95   96   33   34   35   36   32   33   34   35   36   32   33   34   35   36   32   33   34   35   36   32   33   34   35   36   32   33   34   35   36   32   33   34   35   36   32   33   34   35   36   32   33   34   35   36   32   33   34   35   36   32   33   34   35   36   32   33   34   35   36   32   33   34   35   36   32
  13:    0    0    0    0    0    0   95   96    0    0    0    0    0    0    0    0    0    0    0    0    0    0    0    0    0    0    0    0    0    0    0    0    0    0    0    0    0    0    0    0    0    0    0    0    0    0    0    0    0   55   56    0    0    0    0    0    0    0    0    0    0    0    0    0    0    0    0    0    0    0    0    0    0
  14:  118    0    0    0    0    0   95   96    0    0    0    0    0    0    0    0    0    0    0    0    0    0    0    0    0    0    0    0    0    0    0    0    0    0    0    0    0    0    0    0    0    0    0    0    0    0    0    0    0   57   58    0    0    0    0    0    0    0    0    0    0    0    0    0    0    0    0    0    0    0    0    0    0
  15:    0    0    0    0   95   96   95   96    0    0    0    0    0    0    0    0    0    0    0    0    0    0    0    0    0    0    0    0    0    0    0    0    0    0    0    0    0    0    0    0    0    0    0    0    0    0    0    0   59   60   61    0    0    0    0    0    0    0    0    0    0    0    0    0    0    0    0    0    0    0    0    0    0
  16:    0    0    0    0   95   96   95   96    0    0    0    0    0    0    0    0    0    0    0    0    0    0    0    0    0    0    0    0    0    0    0    0    0    0    0    0    0    0    0    0    0    0    0    0    0    0    0    0   62   63    0    0    0    0    0    0    0    0    0    0    0    0    0    0    0    0    0    0   12   13   14   15   16
  17:    0    0    0    0    0    0    0    0    0    0    0    0    0    0    0    0    0    0    0    0    0    0   12   13   14   15   16   12   13   14   15   16    0    0    0    0    0    0    0    0    0    0    0    0    0    0    0    0   64   65    0    0    0    0    0    0    0    0    0    0    0    0    0    0    0   25   26   27   32   33   34   35   36
  18:    0    0    0    0    0    0    0    0    0    0   12   13   14   15   16   12   13   14   15   16    0   25   26   27   34   35   36   32   33   34   17   18    0    0   12   13   14   15   16   12   13   14   15   16    0    0    0    0   66   67    0    0    0    0    0   12   13   14   15   16   12   13   14   15   16    0   28   29    0    0    0    0    0
  19:    0    0    0    0    0    0    0    0    0    0   32   33   34   35   36   32   33   34   35   36    0    0   28   29    0    0    0    0    0    0   19   20    0    0   32   33   34   35   36   32   33   34   35   36    0    0    0    0   68   69    0    0    0    0    0   32   33   34   35   36   32   33   34   35   36    0   30   31    0    0    0    0    0
  20:  111  112    0    0    0    0    0    0    0    0    0    0    0    0    0    0    0    0    0    0    0    0   30   31    0    0    0    0    0    0   21   22    0    0    0    0    0    0    0    0    0    0    0    0    0    0    0    0   72   73    0    0    0    0    0    0    0    0    0    0    0    0    0    0    0    0   37   38    0    0    0    0    0
  21:  113  114    0    0    0    0    0    0    0    0    0    0    0    0    0    0    0    0    0    0    0    0   37   38    0    0    0    0    0    0   23   24    0    0    0    0    0    0    0    0    0    0    0    0    0    0    0    0   74   75    0    0    0    0    0    0    0    0    0    0    0    0    0    0    0    0   39   40    0    0    0    0    0
  22:  115  116    0    0    0    0    0   12   13   14   15   16   12   13   14   15   16   12   13   14   15   16   39   40   14   15   16   12   13   14   25   26   12   13   14   15   16   12   13   14   15   16   12   13   14   15   16   12   76   77   15   16   12   13   14   15   16   12   13   14   15   16   12   13   14   15   41   42   13   14   15   16   12
  23:   94   94   94   94   94   94   94   32   33   34   35   36   32   33   34   35   36   32   33   34   35   36   32   33   34   35   36   32   33   34   35   36   32   33   34   35   36   32   33   34   35   36   32   33   34   35   36   32   33   34   35   36   32   33   34   35   36   32   33   34   35   36   32   33   34   35   36   32   33   34   35   36   32
  
