; Mappa di MegaGame. UNA CASELLA = UNA TILE.
; Il numero e' lo slot nel foglio grafica/Tiles.raw; la tavola con
; numero e disegno di ogni tile e' risorse/grafica/mappa-tavola.png.
; Si puo' scrivere anche il NOME di una EQU TILE_* (LUCE = 50).
; Dopo ogni modifica:  py tools\mappa.py
; 25 colonne x 22 righe = 400 x 352 px = 1.4 x 2.8 stanze da 18x8
;        0    .    .    .    .    5    .    .    .    .   10    .    .    .    .   15    .    .    .    .   20    .    .    .    .   25    .    .    .    .   30    .    .    .    .   35    .    .    .    .   40    .    .    .    .   45    .    .    .    .   50    .    .    .    .   55    .    .    .    .   60    .    .    .    .   65    .    .    .    .   70    .    .
   0:    0    0    0    0    0    0    0    0    0    0    0    0    0    0    0    0    0    0    0    0    0    0    0    0    0    0    0    0    0    0    0    0    0    0    0    0    0    0    0    0    0   78   79   80    0    0    0    0    0    0    0    0    0    0    0    0    0    0    0    0    0    0    0    0    0    0    0    0    0    0    0    0    0
   1:    0    0    0    0    0    0    0    0    0    0    0    0    0    0    0    0    0    0    0    0    0    0    0    0    0    0    0    0    0    0    0    0    0    0    0    0    0    0    0    0    0   81   82   83    0    0    0    0    0    0    0    0    0    0    0    0    0    0    0    0    0    0    0    0    0    0    0    0    0    0    0    0    0
   2:    0    0    0    0    0    0    0    0    0    0    0    0    0    0    0    0    0    0    0    0    0    0    0    0    0    0    0    0    0    0    0    0    0    0    0    0    0    0    0    0    0   84   85   86    0    0    0    0    0    0    0    0    0    0    0    0    0    0    0    0    0    0    0    0    0    0    0    0    0    0    0    0    0
   3:    0    0    0    0    0    0    0    0    0    0    0    0    0    0    0    0    0    0    0    0    0    0    0    0    0    0    0    0    0    0    0    0    0    0    0    0    0    0    0    0    0   87   88   89    0    0    0    0    0    0    0    0    0    0    0    0    0    0    0    0    0    0    0    0    0    0    0    0    0    0    0    0    0
   4:    0    0    0    0    0    0    0    0    0    0    0    0    0    0    0    0    0    0    0    0    0    0    0    0    0    0    0    0    0    0    0    0    0    0    0    0   12   13   14   15   16   90   91   92   15   16    0    0    0    0    0    0    0    0    0    0    0    0    0    0    0    0    0    0    0    0    0    0    0    0    0    0    0
   5:    0    0   14   15   16    0    0    0    0    0    0    0    0    0    0    0    0    0    0    0    0    0    0    0    0    0    0    0    0    0    0    0    0    0    0    0   32   33   34   35   36   32   33   34   35   36    0    0    0    0    0    0    0    0    0    0    0    0    0    0    0    0    0    0    0    0    0    0    0    0    0    0    0
   6:    0    0   34   35   36    0    0    0    0    0    0    0    0    0    0    0    0    0    0    0    0    0    0    0    0    0    0    0    0    0    0    0    0    0    0    0    0    0    0    0    0    0    0    0    0    0    0   12   13   14   15   16    0    0    0    0    0    0    0    0    0    0    0    0    0    0    0    0    0    0    0    0    0
   7:    0    0    0    0    0    0    0    0   12   13   14   15   16   12   13   14   15   16    0    0    0    0   12   13   14   15   16   12   13   14   15   16    0    0    0    0    0    0    0    0    0    0    0    0    0    0    0   32   33   34   35   36    0    0    0    0    0    0    0    0    0    0    0    0    0    0    0    0    0    0    0    0    0
   8:    0    0    0    0    0    0    0    0   32   33   34   35   36   32   33   34   35   36    0    0    0    0   32   33   34   35   36   32   33   34   35   36    0    0    0    0    0    0    0    0    0    0    0    0    0    0    0    0    0    0    0    0    0    0    0    0    0    0    0    0    0    0    0    0    0    0    0    0    0    0    0    0    0
   9:    0    0    0    0    0    0    0    0    0    0    0    0    0    0    0    0    0    0    0    0    0    0    0    0    0    0    0    0    0    0    0    0    0    0    0    0    0    0    0    0    0    0    0    0    0    0    0    0    0    0    0    0    0    0    0    0    0    0    0    0    0    0    0    0    0    0    0    0    0    0    0    0    0
  10:    0    0    0    0    0    0    0    0    0    0    0    0    0    0    0    0    0    0    0    0    0    0    0    0    0    0    0    0    0    0    0    0    0    0    0    0    0    0    0    0    0    0    0    0    0    0    0    0    0    0    0    0    0    0    0    0    0    0    0    0    0    0    0    0    0    0    0    0    0    0    0    0    0
  11:   12   13   14   15   16   12   13   14   15   16   12   13   14   15   16   12   13   14   15   16   12   13   14   15   16   12   13   14   15   16   12   13   14   15   16   12   13   16    0    0    0    0    0    0    0    0    0    0    0    0    0    0    0    0   12   13   14   15   16    0    0    0   12   13   14   15   14   15   16    0    0    0    0
  12:   32   33   34   35   36   32   33   34   35   36   32   33   34   35   36   32   33   34   35   36   32   33   34   35   36   32   33   34   35   36   32   33   34   35   36   32   33   36    0    0    0    0    0    0    0    0    0    0    0    0    0    0    0    0   32   33   34   35   36    0    0    0   32   33   34   35   34   35   36    0    0    0    0
  13:    0    0    0    0    0    0    0    0    0    0    0    0    0    0    0    0    0    0    0    0    0    0    0    0    0    2    3    0    0    0    0    0    0    0   17   18    0    0    0    0    0    0    0    0    0    0    0    0    0    0    0    0    0    0    0    0    0    0    0    0    0    0    0   55   56    0    0    0    0    0    0    0    0
  14:    0    0    0    0    0    0    0    0    0    0    0    0    0    0    0    0    0    0    0    0    0    0    0    0    0    4    5    0    0    0    0    0    0    0   19   20    0    0    0    0    0   12   13   14    0    0    0    0    0    0   12   13   14    0    0    0    0    0    0    0    0    0    0   57   58    0    0    0    0    0    0    0    0
  15:    0    0    0    0    0    0    0    0    0    0    0    0    0    0    0    0    0    0    0    0    0    0    0    0    0    6    7    0    0    0    0    0    0    0   21   22    0    0    0    0    0   32   33   34    0    0    0    0    0    0   32   33   34    0    0    0    0    0    0   12   13   14   59   60   61    0    0    0    0    0    0    0    0
  16:    0    0    0    0    0    0    0    0    0    0    0    0    0    0    0    0    0    0    0    0    0    0    0    0    0    8    9    0    0    0    0    0    0    0   23   24    0   12   13   14   15    0    0    0    0    0   12   13   14   15   43   44    0    0    0    0    0    0    0   32   33   34   62   63    0    0    0    0    0    0    0    0    0
  17:    0    0    0    0    0    0    0    0    0    0    0    0    0    0    0    0    0    0    0    0    0    0    0    0    0   10   11  VIA    0    0    0    0    0    0   25   26   27   32   33   34   35    0    0    0    0    0   32   33   34   35   17   18    0    0    0    0    0    0    0    0   50    0   64   65    0   12   13   14   15   16   12   13   14
  18:    0    0    0    0    0    0    0    0    0    0    0    0    0    0    0    0    0    0    0    0    0    0    0    0    0    2    3   12   13   14   15   16    0    0    0   28   29    0    0    0    0    0    0    0    0    0    0    0   49    0   19   20    0   12   13   14   15   16    0    0   51    0   66   67    0   32   33   34   35   36   32   33   34
  19:    0    0    0    0    0    0    0    0    0    0    0    0    0    0    0    0    0    0    0    0    0    0    0    0    0    4    5   32   33   34   35   36    0    0    0   30   31    0    0    0    0    0    0    0    0    0    0    0   48    0   21   22    0   32   33   34   35   36    0    0   52    0   68   69   70   71    0    0    0    0    0    0    0
  20:    0    0    0    0    0    0    0    0    0    0    0    0    0    0    0    0    0    0    0    0    0    0    0    0    0    6    7    0    0    0    0    0    0    0    0   37   38    0    0    0    0    0    0    0    0    0    0    0    0   47   23   24   44   45    0    0    0    0    0    0   53   54   72   73    0    0    0    0    0    0    0    0    0
  21:    0    0    0    0    0    0    0    0    0    0    0    0    0    0    0    0    0    0    0    0    0    0    0    0    0    8    9    0    0    0    0    0    0    0    0   39   40    0    0    0    0 LUCE    0    0    0    0    0    0    0   46   25   26   27    0    0    0    0    0    0    0    0    0   74   75    0    0    0    0    0    0    0    0    0
  22:    0    0    0    0    0    0    0    0    0    0    0    0    0    0    0    0    0    0    0    0    0    0    0    0    0   10   11   12   13   14   15   16   12   13   14   41   42   16   12   13   14   15   16   12   13   14   15   16   12   13   14   28   29   12   13   14   15   16   12   13   14   15   76   77   13   14   15   16   12   13   14   15   16
  23:    0    0    0    0    0    0    0    0    0    0    0    0    0    0    0    0    0    0    0    0    0    0    0    0    0   35   36   32   33   34   35   36   32   33   34   35   36   32   33   34   35   36   32   32   33   34   35   36   32   33   34   35   36   32   33   34   35   36   32   33   34   35   36   32   33   34   35   36   32   33   34   35   36
  
